vvel_exp_dist.txt 1 bits



2

37958
5433606
14257433
1616707
2011938
1473449
944816
1204620
2597045
1806984
20828
513
988
1065
778
564
64
456
2352
1048
178
37



vvel_exp_dist.txt 9 bits
425630
1285360
903129
427402
421147
787498
485290
64888
324
540
1086
1116

1289
674
136
121




wvel_exp_dist.txt 1 bits

1



3467
3805117
16113471
1525966
1666957
1233206
1018043
909202
1476184
1603771
24480
826
884
1519
1642
1230
800
399
2545
887
306
45



wvel_exp_dist.txt 9 bits
429226
1211944
910929
559596
394858
574776
334887
37582
263
528
872
1468

624
63






temp_exp_dist.txt 1 bits
4735
16411
51270
147523
422010
737825
1804941
9694499
640921
815691
407921
304816
504959
923417
374553
63390
277
245
280
690
531
565
477
105






temp_exp_dist.txt 9 bits
37520
128140
123510
57622
57168
46514
25960
8077
26
33
27
23

253
908
4





uvel_exp_dist.txt 1 bits
60
355
1571
7016
72662
2999656
12996649
11834702
503478
585511
481096
491882
528770
730427
333123
18810
595
457
265
345
185
338
3685
2226
1344
269
33



uvel_exp_dist.txt 9 bits
32707
95589
78113
60211
23006
165499
194546
27961
340
366
254
435

1244
752
25
49




